0 3 0 0 56 58
1 3 0 56 57 58
2 3 0 56 6 57
3 3 0 58 57 52
4 3 0 1 59 61
5 3 0 59 60 61
6 3 0 59 7 60
7 3 0 61 60 53
8 3 0 2 62 64
9 3 0 62 63 64
10 3 0 62 5 63
11 3 0 64 63 54
12 3 0 3 65 67
13 3 0 65 66 67
14 3 0 65 4 66
15 3 0 67 66 55
16 3 0 6 56 69
17 3 0 56 68 69
18 3 0 56 0 68
19 3 0 69 68 48
20 3 0 7 59 71
21 3 0 59 70 71
22 3 0 59 1 70
23 3 0 71 70 49
24 3 0 5 62 73
25 3 0 62 72 73
26 3 0 62 2 72
27 3 0 73 72 50
28 3 0 4 65 75
29 3 0 65 74 75
30 3 0 65 3 74
31 3 0 75 74 51
32 3 0 23 76 78
33 3 0 76 77 78
34 3 0 76 9 77
35 3 0 78 77 54
36 3 0 30 79 81
37 3 0 79 80 81
38 3 0 79 12 80
39 3 0 81 80 53
40 3 0 37 82 84
41 3 0 82 83 84
42 3 0 82 15 83
43 3 0 84 83 55
44 3 0 44 85 87
45 3 0 85 86 87
46 3 0 85 18 86
47 3 0 87 86 52
48 3 0 9 76 89
49 3 0 76 88 89
50 3 0 76 23 88
51 3 0 89 88 49
52 3 0 12 79 91
53 3 0 79 90 91
54 3 0 79 30 90
55 3 0 91 90 51
56 3 0 15 82 93
57 3 0 82 92 93
58 3 0 82 37 92
59 3 0 93 92 48
60 3 0 18 85 95
61 3 0 85 94 95
62 3 0 85 44 94
63 3 0 95 94 50
64 3 0 4 34 66
65 3 0 34 96 66
66 3 0 34 35 96
67 3 0 66 96 55
68 3 0 5 20 63
69 3 0 20 97 63
70 3 0 20 21 97
71 3 0 63 97 54
72 3 0 6 41 57
73 3 0 41 98 57
74 3 0 41 42 98
75 3 0 57 98 52
76 3 0 7 27 60
77 3 0 27 99 60
78 3 0 27 28 99
79 3 0 60 99 53
80 3 0 21 22 97
81 3 0 22 78 97
82 3 0 22 23 78
83 3 0 97 78 54
84 3 0 28 29 99
85 3 0 29 81 99
86 3 0 29 30 81
87 3 0 99 81 53
88 3 0 35 36 96
89 3 0 36 84 96
90 3 0 36 37 84
91 3 0 96 84 55
92 3 0 42 43 98
93 3 0 43 87 98
94 3 0 43 44 87
95 3 0 98 87 52
96 3 0 32 33 100
97 3 0 33 75 100
98 3 0 33 4 75
99 3 0 100 75 51
100 3 0 46 47 101
101 3 0 47 73 101
102 3 0 47 5 73
103 3 0 101 73 50
104 3 0 39 40 102
105 3 0 40 69 102
106 3 0 40 6 69
107 3 0 102 69 48
108 3 0 25 26 103
109 3 0 26 71 103
110 3 0 26 7 71
111 3 0 103 71 49
112 3 0 23 24 88
113 3 0 24 103 88
114 3 0 24 25 103
115 3 0 88 103 49
116 3 0 30 31 90
117 3 0 31 100 90
118 3 0 31 32 100
119 3 0 90 100 51
120 3 0 37 38 92
121 3 0 38 102 92
122 3 0 38 39 102
123 3 0 92 102 48
124 3 0 44 45 94
125 3 0 45 101 94
126 3 0 45 46 101
127 3 0 94 101 50
128 3 0 18 17 86
129 3 0 17 58 86
130 3 0 17 0 58
131 3 0 86 58 52
132 3 0 12 11 80
133 3 0 11 61 80
134 3 0 11 1 61
135 3 0 80 61 53
136 3 0 9 8 77
137 3 0 8 64 77
138 3 0 8 2 64
139 3 0 77 64 54
140 3 0 15 14 83
141 3 0 14 67 83
142 3 0 14 3 67
143 3 0 83 67 55
144 3 0 0 16 68
145 3 0 16 93 68
146 3 0 16 15 93
147 3 0 68 93 48
148 3 0 1 10 70
149 3 0 10 89 70
150 3 0 10 9 89
151 3 0 70 89 49
152 3 0 2 19 72
153 3 0 19 95 72
154 3 0 19 18 95
155 3 0 72 95 50
156 3 0 3 13 74
157 3 0 13 91 74
158 3 0 13 12 91
159 3 0 74 91 51
