0 1.0000 0.0000 -1
1 -1.0000 0.0000 -1
2 0.0000 1.0000 -1
3 0.0000 -1.0000 -1
4 0.0000 -2.0000 0
5 0.0000 2.0000 0
6 2.0000 0.0000 0
7 -2.0000 0.0000 0
8 -0.3827 0.9239 -1
9 -0.7071 0.7071 -1
10 -0.9239 0.3827 -1
11 -0.9239 -0.3827 -1
12 -0.7071 -0.7071 -1
13 -0.3827 -0.9239 -1
14 0.3827 -0.9239 -1
15 0.7071 -0.7071 -1
16 0.9239 -0.3827 -1
17 0.9239 0.3827 -1
18 0.7071 0.7071 -1
19 0.3827 0.9239 -1
20 -0.3902 1.9616 0
21 -0.7654 1.8478 0
22 -1.1111 1.6629 0
23 -1.4142 1.4142 0
24 -1.6629 1.1111 0
25 -1.8478 0.7654 0
26 -1.9616 0.3902 0
27 -1.9616 -0.3902 0
28 -1.8478 -0.7654 0
29 -1.6629 -1.1111 0
30 -1.4142 -1.4142 0
31 -1.1111 -1.6629 0
32 -0.7654 -1.8478 0
33 -0.3902 -1.9616 0
34 0.3902 -1.9616 0
35 0.7654 -1.8478 0
36 1.1111 -1.6629 0
37 1.4142 -1.4142 0
38 1.6629 -1.1111 0
39 1.8478 -0.7654 0
40 1.9616 -0.3902 0
41 1.9616 0.3902 0
42 1.8478 0.7654 0
43 1.6629 1.1111 0
44 1.4142 1.4142 0
45 1.1111 1.6629 0
46 0.7654 1.8478 0
47 0.3902 1.9616 0
48 1.3264 -0.5494 0
49 -1.3264 0.5494 0
50 0.5494 1.3264 0
51 -0.5494 -1.3264 0
52 1.3264 0.5494 0
53 -1.3264 -0.5494 0
54 -0.5494 1.3264 0
55 0.5494 -1.3264 0
56 1.5000 0.0000 0
57 1.6632 0.2747 0
58 1.1632 0.2747 0
59 -1.5000 0.0000 0
60 -1.6632 -0.2747 0
61 -1.1632 -0.2747 0
62 0.0000 1.5000 0
63 -0.2747 1.6632 0
64 -0.2747 1.1632 0
65 0.0000 -1.5000 0
66 0.2747 -1.6632 0
67 0.2747 -1.1632 0
68 1.1632 -0.2747 0
69 1.6632 -0.2747 0
70 -1.1632 0.2747 0
71 -1.6632 0.2747 0
72 0.2747 1.1632 0
73 0.2747 1.6632 0
74 -0.2747 -1.1632 0
75 -0.2747 -1.6632 0
76 -1.0607 1.0607 0
77 -0.6283 1.0168 0
78 -0.9818 1.3703 0
79 -1.0607 -1.0607 0
80 -1.0168 -0.6283 0
81 -1.3703 -0.9818 0
82 1.0607 -1.0607 0
83 0.6283 -1.0168 0
84 0.9818 -1.3703 0
85 1.0607 1.0607 0
86 1.0168 0.6283 0
87 1.3703 0.9818 0
88 -1.3703 0.9818 0
89 -1.0168 0.6283 0
90 -0.9818 -1.3703 0
91 -0.6283 -1.0168 0
92 1.3703 -0.9818 0
93 1.0168 -0.6283 0
94 0.9818 1.3703 0
95 0.6283 1.0168 0
96 0.6574 -1.5871 0
97 -0.6574 1.5871 0
98 1.5871 0.6574 0
99 -1.5871 -0.6574 0
100 -0.6574 -1.5871 0
101 0.6574 1.5871 0
102 1.5871 -0.6574 0
103 -1.5871 0.6574 0
